# step, loss_train, loss_test, metrics_test
0.000000000000000000e+00 1.401613521575927734e+01 1.406415748596191406e+01 5.982729196548461914e-01
1.000000000000000000e+03 6.686437129974365234e-02 6.403571367263793945e-02 7.427653074264526367e-01
2.000000000000000000e+03 3.122632019221782684e-02 2.937932871282100677e-02 5.384799838066101074e-01
3.000000000000000000e+03 1.784541457891464233e-02 1.674689538776874542e-02 4.269083440303802490e-01
4.000000000000000000e+03 8.520107716321945190e-03 8.080891333520412445e-03 3.150517344474792480e-01
5.000000000000000000e+03 2.336193807423114777e-03 2.233551116660237312e-03 1.723879277706146240e-01
6.000000000000000000e+03 7.139365188777446747e-04 7.136116037145256996e-04 7.156318426132202148e-02
7.000000000000000000e+03 7.057034526951611042e-04 7.138774963095784187e-04 3.115564770996570587e-02
8.000000000000000000e+03 4.440494521986693144e-04 4.484256205614656210e-04 2.868749760091304779e-02
9.000000000000000000e+03 6.547616212628781796e-04 6.604149239137768745e-04 3.732178360223770142e-02
1.000000000000000000e+04 2.749739505816251040e-04 2.788245910778641701e-04 5.018796771764755249e-02
1.100000000000000000e+04 2.470429753884673119e-04 2.511676284484565258e-04 5.918125808238983154e-02
1.200000000000000000e+04 2.189476072089746594e-04 2.225669159088283777e-04 6.502183526754379272e-02
1.300000000000000000e+04 2.888873277697712183e-04 2.954996307380497456e-04 6.763444840908050537e-02
1.400000000000000000e+04 1.190965808928012848e-02 1.213970687240362167e-02 6.723699718713760376e-02
1.500000000000000000e+04 7.910223794169723988e-04 8.031261386349797249e-04 7.199232280254364014e-02
1.600000000000000000e+04 8.336725644767284393e-03 8.379312232136726379e-03 8.135647326707839966e-02
1.700000000000000000e+04 1.250092027476057410e-04 1.322758325841277838e-04 6.909397989511489868e-02
1.800000000000000000e+04 1.234835217474028468e-04 1.281199511140584946e-04 6.729389727115631104e-02
1.900000000000000000e+04 1.161257084459066391e-02 1.174290850758552551e-02 7.326890528202056885e-02
2.000000000000000000e+04 2.414381888229399920e-04 2.496685192454606295e-04 5.909336358308792114e-02
2.100000000000000000e+04 4.670503549277782440e-04 4.841546469833701849e-04 5.817572772502899170e-02
2.200000000000000000e+04 1.556834019720554352e-02 1.576456613838672638e-02 6.957454979419708252e-02
2.300000000000000000e+04 1.186478184536099434e-03 1.210551708936691284e-03 5.082257091999053955e-02
2.400000000000000000e+04 9.019160061143338680e-04 9.279915830120444298e-04 4.278113320469856262e-02
2.500000000000000000e+04 4.986450658179819584e-04 5.057455855421721935e-04 4.026219621300697327e-02
2.600000000000000000e+04 2.436843205941841006e-04 2.498880785424262285e-04 3.442566841840744019e-02
2.700000000000000000e+04 1.336171117145568132e-04 1.434144796803593636e-04 3.186205402016639709e-02
2.800000000000000000e+04 1.057234840118326247e-04 1.155832869699224830e-04 2.685150131583213806e-02
2.900000000000000000e+04 1.466981630073860288e-04 1.543671678518876433e-04 2.742071822285652161e-02
3.000000000000000000e+04 5.340393981896340847e-04 5.472684861160814762e-04 2.754123508930206299e-02
3.100000000000000000e+04 5.117228647577576339e-05 5.855267954757437110e-05 2.755778655409812927e-02
3.200000000000000000e+04 2.724376041442155838e-03 2.769156591966748238e-03 1.780937984585762024e-02
3.300000000000000000e+04 1.245557796210050583e-03 1.261664554476737976e-03 2.531926706433296204e-02
3.400000000000000000e+04 1.588608429301530123e-04 1.700545253697782755e-04 2.531820163130760193e-02
3.500000000000000000e+04 3.223703242838382721e-04 3.381264396011829376e-04 2.345264703035354614e-02
3.600000000000000000e+04 1.230621128343045712e-03 1.258763950318098068e-03 2.220194227993488312e-02
3.700000000000000000e+04 2.610424999147653580e-03 2.658103127032518387e-03 4.613010585308074951e-02
3.800000000000000000e+04 1.069710706360638142e-04 1.158558443421497941e-04 3.669789806008338928e-02
3.900000000000000000e+04 1.108001015381887555e-04 1.200609112856909633e-04 3.653071448206901550e-02
4.000000000000000000e+04 6.158329779282212257e-04 6.369693437591195107e-04 3.309411182999610901e-02
4.100000000000000000e+04 1.145941205322742462e-04 1.239503762917593122e-04 4.043824225664138794e-02
4.200000000000000000e+04 4.613116907421499491e-04 4.795700078830122948e-04 3.539963439106941223e-02
4.300000000000000000e+04 8.762057404965162277e-05 9.508884249953553081e-05 4.494236782193183899e-02
4.400000000000000000e+04 2.049475908279418945e-03 2.074365504086017609e-03 5.959045141935348511e-02
4.500000000000000000e+04 7.979014480952173471e-05 8.916569640859961510e-05 4.637913405895233154e-02
4.600000000000000000e+04 2.047515707090497017e-03 2.103168284520506859e-03 4.909460246562957764e-02
4.700000000000000000e+04 1.560544333187863231e-04 1.633477077120915055e-04 5.379217490553855896e-02
4.800000000000000000e+04 1.721044100122526288e-04 1.834375580074265599e-04 5.702639371156692505e-02
4.900000000000000000e+04 2.783615855150856078e-05 3.480707891867496073e-05 5.672048404812812805e-02
5.000000000000000000e+04 1.915958127938210964e-03 1.964983530342578888e-03 5.879032984375953674e-02
5.100000000000000000e+04 3.321091644465923309e-04 3.473007818683981895e-04 5.933779105544090271e-02
5.200000000000000000e+04 6.046946509741246700e-05 6.982962077017873526e-05 6.149988621473312378e-02
5.300000000000000000e+04 7.679937698412686586e-05 8.585822797613218427e-05 6.450202316045761108e-02
5.400000000000000000e+04 2.307665563421323895e-04 2.418578515062108636e-04 7.031603902578353882e-02
5.500000000000000000e+04 1.293005188927054405e-04 1.370467653032392263e-04 7.155195623636245728e-02
5.600000000000000000e+04 1.578213879838585854e-03 1.622677431441843510e-03 7.157035917043685913e-02
5.700000000000000000e+04 1.480140374042093754e-03 1.513623399659991264e-03 7.267586141824722290e-02
5.800000000000000000e+04 5.191305172047577798e-05 5.919670729781500995e-05 7.600268721580505371e-02
5.900000000000000000e+04 5.498092650668695569e-05 6.268821016419678926e-05 7.771266996860504150e-02
6.000000000000000000e+04 1.284419558942317963e-04 1.371455291518941522e-04 7.489435374736785889e-02
6.100000000000000000e+04 2.401984820608049631e-04 2.519326808396726847e-04 8.291064947843551636e-02
6.200000000000000000e+04 2.787666198855731636e-05 3.485731940600089729e-05 7.928275316953659058e-02
6.300000000000000000e+04 4.672576687880791724e-05 5.411731035565026104e-05 8.194525539875030518e-02
6.400000000000000000e+04 1.868383114924654365e-04 1.966612762771546841e-04 8.292590081691741943e-02
6.500000000000000000e+04 6.810994818806648254e-05 7.486862887162715197e-05 8.497792482376098633e-02
6.600000000000000000e+04 2.437719376757740974e-05 3.019577525265049189e-05 8.840439468622207642e-02
6.700000000000000000e+04 1.966416602954268456e-04 2.037489903159439564e-04 8.812918514013290405e-02
6.800000000000000000e+04 5.590805085375905037e-05 6.324153946479782462e-05 8.716646581888198853e-02
6.900000000000000000e+04 2.970762143377214670e-04 3.072748077102005482e-04 9.437870234251022339e-02
7.000000000000000000e+04 2.873416633519809693e-05 3.402779111638665199e-05 9.441228210926055908e-02
7.100000000000000000e+04 3.658132627606391907e-03 3.688254859298467636e-03 1.172134876251220703e-01
7.200000000000000000e+04 2.199523616582155228e-03 2.261541318148374557e-03 9.889852255582809448e-02
7.300000000000000000e+04 2.963704988360404968e-03 2.979869022965431213e-03 9.504959732294082642e-02
7.400000000000000000e+04 7.262842846103012562e-04 7.466015522368252277e-04 1.006490290164947510e-01
7.500000000000000000e+04 9.932740795193240047e-05 1.065317264874465764e-04 1.037941351532936096e-01
7.600000000000000000e+04 1.211294002132490277e-04 1.279801945202052593e-04 9.941522777080535889e-02
7.700000000000000000e+04 6.823503645136952400e-05 7.559684308944270015e-05 1.033084467053413391e-01
7.800000000000000000e+04 5.340743227861821651e-04 5.500962142832577229e-04 1.063871756196022034e-01
7.900000000000000000e+04 2.640390885062515736e-04 2.681943005882203579e-04 1.026011481881141663e-01
8.000000000000000000e+04 2.374066534684970975e-04 2.449809690006077290e-04 1.030889227986335754e-01
