# step, loss_train, loss_test, metrics_test
0.000000000000000000e+00 3.321336954832077026e-02 3.500106930732727051e-02 4.300452172756195068e-01 2.137882709503173828e+00 2.764711901545524597e-02 2.863967604935169220e-02 6.254614591598510742e-01 1.070947408676147461e+00 3.236997872591018677e-02 3.386431559920310974e-02 4.300452172756195068e-01 2.137882709503173828e+00 2.764711901545524597e-02 2.863967604935169220e-02 6.254614591598510742e-01 1.070947408676147461e+00
1.000000000000000000e+03 1.853600988397374749e-04 2.673374547157436609e-04 9.352402412332594395e-04 8.540374110452830791e-04 1.100219902582466602e-03 1.232759677805006504e-03 3.050606173928827047e-04 3.960861067753285170e-04 1.521437370683997869e-04 2.257365704281255603e-04 9.352402412332594395e-04 8.540374110452830791e-04 1.100219902582466602e-03 1.232759677805006504e-03 3.050606173928827047e-04 3.960861067753285170e-04
2.000000000000000000e+03 7.833819108782336116e-05 9.309915185440331697e-05 2.146267070202156901e-04 2.317668695468455553e-04 3.810777270700782537e-04 4.075261240359395742e-04 1.319882721873000264e-04 1.886712125269696116e-04 6.469566142186522484e-05 7.275276584550738335e-05 2.146267070202156901e-04 2.317668695468455553e-04 3.810777270700782537e-04 4.075261240359395742e-04 1.319882721873000264e-04 1.886712125269696116e-04
3.000000000000000000e+03 6.823451258242130280e-05 5.074795990367420018e-05 8.622448513051494956e-05 1.170592804555781186e-04 1.288373459829017520e-04 1.575826900079846382e-04 1.142086184700019658e-04 1.113655598601326346e-04 6.207192927831783891e-05 4.092117524123750627e-05 8.622448513051494956e-05 1.170592804555781186e-04 1.288373459829017520e-04 1.575826900079846382e-04 1.142086184700019658e-04 1.113655598601326346e-04
4.000000000000000000e+03 6.178595504024997354e-05 3.514965283102355897e-05 3.810033740592189133e-05 4.950128641212359071e-05 4.535244443104602396e-05 5.611822416540235281e-05 6.292614125413820148e-05 9.055199188878759742e-05 5.659067755914293230e-05 2.956482785521075130e-05 3.810033740592189133e-05 4.950128641212359071e-05 4.535244443104602396e-05 5.611822416540235281e-05 6.292614125413820148e-05 9.055199188878759742e-05
5.000000000000000000e+03 5.330904605216346681e-05 3.123041460639797151e-05 2.274815415148623288e-05 2.869540003302972764e-05 2.483351454429794103e-05 2.757122274488210678e-05 3.720814129337668419e-05 7.785442721797153354e-05 4.789335071109235287e-05 2.629177470225840807e-05 2.274815415148623288e-05 2.869540003302972764e-05 2.483351454429794103e-05 2.757122274488210678e-05 3.720814129337668419e-05 7.785442721797153354e-05
6.000000000000000000e+03 4.577881918521597981e-05 3.104978895862586796e-05 1.707926821836736053e-05 1.960748159035574645e-05 1.825798426580149680e-05 1.856837116065435112e-05 2.122813384630717337e-05 6.089309317758306861e-05 4.085421460331417620e-05 2.548410520830657333e-05 1.707926821836736053e-05 1.960748159035574645e-05 1.825798426580149680e-05 1.856837116065435112e-05 2.122813384630717337e-05 6.089309317758306861e-05
7.000000000000000000e+03 3.690210724016651511e-05 2.988145206472836435e-05 1.437022092432016507e-05 1.346314547845395282e-05 1.456084919482236728e-05 1.420392527506919578e-05 1.021725802274886519e-05 4.569283191813156009e-05 3.263819235144183040e-05 2.341397885174956173e-05 1.437022092432016507e-05 1.346314547845395282e-05 1.456084919482236728e-05 1.420392527506919578e-05 1.021725802274886519e-05 4.569283191813156009e-05
8.000000000000000000e+03 3.028248102054931223e-05 2.772159314190503210e-05 1.234400770044885576e-05 1.154603342001792043e-05 1.172376505564898252e-05 1.106264880945673212e-05 5.422072263172594830e-06 3.270427623647265136e-05 2.648099689395166934e-05 2.029722600127570331e-05 1.234400770044885576e-05 1.154603342001792043e-05 1.172376505564898252e-05 1.106264880945673212e-05 5.422072263172594830e-06 3.270427623647265136e-05
9.000000000000000000e+03 2.747773032751865685e-05 2.639918966451659799e-05 9.517900252831168473e-06 8.344164598383940756e-06 9.723365110403392464e-06 8.899479325918946415e-06 3.686792297230567783e-06 2.624742592161055654e-05 2.388783650530967861e-05 1.788259578461293131e-05 9.517900252831168473e-06 8.344164598383940756e-06 9.723365110403392464e-06 8.899479325918946415e-06 3.686792297230567783e-06 2.624742592161055654e-05
1.000000000000000000e+04 2.516015592846088111e-05 2.502876304788514972e-05 8.399783837376162410e-06 6.677952114841900766e-06 8.507395250489935279e-06 7.691925929975695908e-06 3.688018978209584020e-06 2.365309592278208584e-05 2.161427437386009842e-05 1.590350802871398628e-05 8.399783837376162410e-06 6.677952114841900766e-06 8.507395250489935279e-06 7.691925929975695908e-06 3.688018978209584020e-06 2.365309592278208584e-05
1.100000000000000000e+04 2.345046050322707742e-05 2.400514313194435090e-05 7.598937372677028179e-06 7.069504590617725626e-06 7.861029189371038228e-06 7.849208486732095480e-06 4.523375082499114797e-06 2.130198845406994224e-05 2.005354326684027910e-05 1.456787322240415961e-05 7.598937372677028179e-06 7.069504590617725626e-06 7.861029189371038228e-06 7.849208486732095480e-06 4.523375082499114797e-06 2.130198845406994224e-05
1.200000000000000000e+04 2.256742845929693431e-05 2.180284718633629382e-05 8.783641533227637410e-05 9.518053411738947034e-05 1.557234827487263829e-05 1.072201939678052440e-05 3.672808452392928302e-05 2.964732084365095943e-05 1.858361429185606539e-05 1.438603248971048743e-05 8.783641533227637410e-05 9.518053411738947034e-05 1.557234827487263829e-05 1.072201939678052440e-05 3.672808452392928302e-05 2.964732084365095943e-05
1.300000000000000000e+04 1.991420867852866650e-05 2.181029230996500701e-05 7.172989171522203833e-06 5.355856046662665904e-06 7.390407972707180306e-06 5.807346042274730280e-06 4.075850483786780387e-06 1.675682506174780428e-05 1.691100624157115817e-05 1.235125455423258245e-05 7.172989171522203833e-06 5.355856046662665904e-06 7.390407972707180306e-06 5.807346042274730280e-06 4.075850483786780387e-06 1.675682506174780428e-05
1.400000000000000000e+04 1.845244878495577723e-05 2.076630153169389814e-05 6.841449703642865643e-06 5.448524007078958675e-06 7.524387001467403024e-06 6.007085175951942801e-06 5.210964900470571592e-06 1.409716605849098414e-05 1.555145718157291412e-05 1.166736274171853438e-05 6.841449703642865643e-06 5.448524007078958675e-06 7.524387001467403024e-06 6.007085175951942801e-06 5.210964900470571592e-06 1.409716605849098414e-05
1.500000000000000000e+04 1.669150879024527967e-05 1.969685581570956856e-05 6.536582077387720346e-06 4.715804152510827407e-06 7.106364137143827975e-06 4.995795734430430457e-06 3.932211711799027398e-06 1.390872239426244050e-05 1.403837450197897851e-05 1.065607921191258356e-05 6.536582077387720346e-06 4.715804152510827407e-06 7.106364137143827975e-06 4.995795734430430457e-06 3.932211711799027398e-06 1.390872239426244050e-05
1.600000000000000000e+04 1.514310588390799239e-05 1.826846528274472803e-05 5.564138518820982426e-06 6.030978966009570286e-06 6.430268513213377446e-06 4.409413122630212456e-06 3.509394673528731801e-06 1.061025795934256166e-05 1.248252374352887273e-05 9.956225767382420599e-06 5.564138518820982426e-06 6.030978966009570286e-06 6.430268513213377446e-06 4.409413122630212456e-06 3.509394673528731801e-06 1.061025795934256166e-05
1.700000000000000000e+04 1.411581979482434690e-05 1.777108445821795613e-05 4.529363195615587756e-06 3.550365590854198672e-06 6.340136678772978485e-06 4.025874659419059753e-06 2.798343757604015991e-06 9.391513231093995273e-06 1.175304532807786018e-05 9.294048140873201191e-06 4.529363195615587756e-06 3.550365590854198672e-06 6.340136678772978485e-06 4.025874659419059753e-06 2.798343757604015991e-06 9.391513231093995273e-06
1.800000000000000000e+04 1.281061395275173709e-05 1.659955341892782599e-05 4.127827651245752349e-06 3.472743856036686338e-06 6.028714778949506581e-06 3.648370693554170430e-06 2.516920631023822352e-06 7.975878361321520060e-06 1.051574781740782782e-05 8.512271051586139947e-06 4.127827651245752349e-06 3.472743856036686338e-06 6.028714778949506581e-06 3.648370693554170430e-06 2.516920631023822352e-06 7.975878361321520060e-06
1.900000000000000000e+04 1.212572715303394943e-05 1.852344394137617201e-05 1.057430417858995497e-04 1.244856830453500152e-04 1.995256752707064152e-05 2.093024522764608264e-05 4.907854599878191948e-05 6.669267895631492138e-05 1.056261226040078327e-05 7.898899639258161187e-06 1.057430417858995497e-04 1.244856830453500152e-04 1.995256752707064152e-05 2.093024522764608264e-05 4.907854599878191948e-05 6.669267895631492138e-05
2.000000000000000000e+04 1.050092032528482378e-05 1.431288364983629435e-05 3.502901336105423979e-06 2.793738303807913326e-06 5.330135536496527493e-06 3.074632786592701450e-06 2.030316181844682433e-06 5.924698143644491211e-06 8.328414878633338958e-06 6.928186394361546263e-06 3.502901336105423979e-06 2.793738303807913326e-06 5.330135536496527493e-06 3.074632786592701450e-06 2.030316181844682433e-06 5.924698143644491211e-06
2.100000000000000000e+04 9.411511200596578419e-06 1.345483087789034471e-05 1.253729169548023492e-05 2.114428934874013066e-05 5.923085609538247809e-06 7.851712325646076351e-06 5.917105227126739919e-06 1.826466541388072073e-05 7.497278602386359125e-06 5.883397079742280766e-06 1.253729169548023492e-05 2.114428934874013066e-05 5.923085609538247809e-06 7.851712325646076351e-06 5.917105227126739919e-06 1.826466541388072073e-05
2.200000000000000000e+04 8.590080142312217504e-06 1.200575843540718779e-05 2.905812834796961397e-06 2.249531462439335883e-06 4.672136583394603804e-06 2.659008487171377055e-06 1.620285161152423825e-06 4.270896170055493712e-06 6.521846898976946250e-06 5.492915988725144416e-06 2.905812834796961397e-06 2.249531462439335883e-06 4.672136583394603804e-06 2.659008487171377055e-06 1.620285161152423825e-06 4.270896170055493712e-06
2.300000000000000000e+04 7.633509994775522500e-06 1.096533287636702880e-05 2.634521479194518179e-06 1.910303808472235687e-06 4.383660780149511993e-06 2.512627588657778688e-06 1.595682078914251179e-06 3.930273578589549288e-06 5.656543180521111935e-06 4.888104740530252457e-06 2.634521479194518179e-06 1.910303808472235687e-06 4.383660780149511993e-06 2.512627588657778688e-06 1.595682078914251179e-06 3.930273578589549288e-06
2.400000000000000000e+04 6.736687737429747358e-06 9.533133379591163248e-06 3.154878186251153238e-06 2.451319460305967368e-06 4.246942808094900101e-06 2.496162096576881595e-06 2.424499371045385487e-06 4.386452474136603996e-06 4.867865754931699485e-06 4.128749424125999212e-06 3.154878186251153238e-06 2.451319460305967368e-06 4.246942808094900101e-06 2.496162096576881595e-06 2.424499371045385487e-06 4.386452474136603996e-06
2.500000000000000000e+04 6.034390480635920539e-06 8.856540262058842927e-06 2.768283775367308408e-05 2.704361759242601693e-05 2.662179031176492572e-05 2.803363895509392023e-05 2.840905654011294246e-05 3.282011311966925859e-05 4.098271801922237501e-06 3.759350875043310225e-06 2.768283775367308408e-05 2.704361759242601693e-05 2.662179031176492572e-05 2.803363895509392023e-05 2.840905654011294246e-05 3.282011311966925859e-05
2.600000000000000000e+04 5.666237484547309577e-06 7.263252882694359869e-06 1.816429721657186747e-05 2.717747520364355296e-05 4.914188593829749152e-06 6.401866357919061556e-06 6.629136805713642389e-06 9.971518920792732388e-06 3.577613597371964715e-06 3.823274710157420486e-06 1.816429721657186747e-05 2.717747520364355296e-05 4.914188593829749152e-06 6.401866357919061556e-06 6.629136805713642389e-06 9.971518920792732388e-06
2.700000000000000000e+04 4.817201897822087631e-06 6.511082119686761871e-06 4.177492883172817528e-06 2.178782779083121568e-06 3.994372036686399952e-06 2.086448148475028574e-06 3.544713308656355366e-06 2.591817974462173879e-06 3.259750201323186047e-06 2.771043909888248891e-06 4.177492883172817528e-06 2.178782779083121568e-06 3.994372036686399952e-06 2.086448148475028574e-06 3.544713308656355366e-06 2.591817974462173879e-06
2.800000000000000000e+04 4.286383500584634021e-06 5.562652859225636348e-06 3.397345835765008815e-06 4.615616489900276065e-06 2.837864030880155042e-06 2.653163846844108775e-06 1.298196593779721297e-06 2.405599616395193152e-06 2.674869847396621481e-06 2.716013568715425208e-06 3.397345835765008815e-06 4.615616489900276065e-06 2.837864030880155042e-06 2.653163846844108775e-06 1.298196593779721297e-06 2.405599616395193152e-06
2.900000000000000000e+04 3.849403583444654942e-06 4.849246579397004098e-06 2.193316731791128404e-06 4.225412340019829571e-06 2.464073304508929141e-06 2.750068460954935290e-06 8.380455369660921860e-07 2.503619271010393277e-06 2.365223963352036662e-06 2.477119551258510910e-06 2.193316731791128404e-06 4.225412340019829571e-06 2.464073304508929141e-06 2.750068460954935290e-06 8.380455369660921860e-07 2.503619271010393277e-06
3.000000000000000000e+04 3.468308705123490654e-06 4.346311925473855808e-06 1.275666591027402319e-06 1.029244231176562607e-06 2.253155571452225558e-06 1.744768042044597678e-06 5.692706395166169386e-07 8.442160037702706177e-07 2.165106025131535716e-06 1.990699274756480008e-06 1.275666591027402319e-06 1.029244231176562607e-06 2.253155571452225558e-06 1.744768042044597678e-06 5.692706395166169386e-07 8.442160037702706177e-07
3.100000000000000000e+04 3.099690957242273726e-06 3.828951776085887104e-06 1.170744326373096555e-06 9.335138315691438038e-07 2.059073040072689764e-06 1.638580783946963493e-06 4.731019771497813053e-07 6.846132691862294450e-07 1.915644588734721765e-06 1.777044417394790798e-06 1.170744326373096555e-06 9.335138315691438038e-07 2.059073040072689764e-06 1.638580783946963493e-06 4.731019771497813053e-07 6.846132691862294450e-07
3.200000000000000000e+04 2.753917215159162879e-06 3.386351409062626772e-06 1.160051851911703125e-06 9.769554480953956954e-07 1.904030568766756915e-06 1.559157567498914432e-06 4.272988860520854359e-07 6.005890327287488617e-07 1.692187652224674821e-06 1.653388835620717146e-06 1.160051851911703125e-06 9.769554480953956954e-07 1.904030568766756915e-06 1.559157567498914432e-06 4.272988860520854359e-07 6.005890327287488617e-07
3.300000000000000000e+04 2.550082172092515975e-06 2.986378376590437256e-06 3.924717020709067583e-06 3.609960003814194351e-06 2.228620815003523603e-06 1.725769266158749815e-06 1.555378730699885637e-06 1.222641685671987943e-06 1.513336428615730256e-06 1.603772147973359097e-06 3.924717020709067583e-06 3.609960003814194351e-06 2.228620815003523603e-06 1.725769266158749815e-06 1.555378730699885637e-06 1.222641685671987943e-06
3.400000000000000000e+04 2.292809085702174343e-06 2.806611519190482795e-06 9.968679250960121863e-07 7.190408837232098449e-07 1.687259100435767323e-06 1.344982592854648829e-06 3.284434342276654206e-07 4.262902564278192585e-07 1.423361709385062568e-06 1.348582827631616965e-06 9.968679250960121863e-07 7.190408837232098449e-07 1.687259100435767323e-06 1.344982592854648829e-06 3.284434342276654206e-07 4.262902564278192585e-07
3.500000000000000000e+04 2.116046289302175865e-06 2.581469288998050615e-06 8.928676606956287287e-07 6.804707481933292001e-07 1.565284833304758649e-06 1.239145149156684056e-06 2.510648187126207631e-07 3.517830009514000267e-07 1.311718847318843473e-06 1.262250748368387576e-06 8.928676606956287287e-07 6.804707481933292001e-07 1.565284833304758649e-06 1.239145149156684056e-06 2.510648187126207631e-07 3.517830009514000267e-07
3.600000000000000000e+04 1.971390247490489855e-06 2.416407824057387188e-06 8.733763934287708253e-07 8.181748967217572499e-07 1.494429966442112345e-06 1.216572059092868585e-06 2.415794142507365905e-07 4.152552435243705986e-07 1.231951387126173358e-06 1.159177827503299341e-06 8.733763934287708253e-07 8.181748967217572499e-07 1.494429966442112345e-06 1.216572059092868585e-06 2.415794142507365905e-07 4.152552435243705986e-07
3.700000000000000000e+04 1.868003778326965403e-06 2.374990799580700696e-06 4.632535819837357849e-06 7.228984486573608592e-06 1.815400196392147336e-06 2.518797600714606233e-06 1.814167603697569575e-06 3.240021669626003131e-06 1.232218664881656878e-06 1.025506549012789037e-06 4.632535819837357849e-06 7.228984486573608592e-06 1.815400196392147336e-06 2.518797600714606233e-06 1.814167603697569575e-06 3.240021669626003131e-06
3.800000000000000000e+04 1.886670816020341590e-06 2.130075699824374169e-06 2.963200131489429623e-06 5.663924639520701021e-06 1.626057269277225714e-06 2.237085027445573360e-06 1.973076678041252308e-06 4.276420895621413365e-06 1.269389940716791898e-06 9.578353683536988683e-07 2.963200131489429623e-06 5.663924639520701021e-06 1.626057269277225714e-06 2.237085027445573360e-06 1.973076678041252308e-06 4.276420895621413365e-06
3.900000000000000000e+04 1.675941689427418169e-06 1.988580606848699972e-06 8.493822178934351541e-07 9.735636012919712812e-07 1.319404759669851046e-06 1.132567717831989285e-06 1.944610090731657692e-07 5.056951408732857089e-07 1.049551656251423992e-06 1.055701090990623925e-06 8.493822178934351541e-07 9.735636012919712812e-07 1.319404759669851046e-06 1.132567717831989285e-06 1.944610090731657692e-07 5.056951408732857089e-07
4.000000000000000000e+04 1.694146362751780543e-06 2.117697476933244616e-06 5.992716978653334081e-06 6.270835729083046317e-05 9.002409569802694023e-06 3.795451266341842711e-05 5.908296770940069109e-06 4.682572398451156914e-05 1.051337108037841972e-06 1.450334934816055465e-06 5.992716978653334081e-06 6.270835729083046317e-05 9.002409569802694023e-06 3.795451266341842711e-05 5.908296770940069109e-06 4.682572398451156914e-05
4.100000000000000000e+04 1.529752580609056167e-06 1.827743972171447240e-06 6.734064186275645625e-07 5.037422852183226496e-07 1.240497226717707235e-06 8.687245554028777406e-07 1.624996173177351011e-07 2.101918994412699249e-07 9.761376986716641113e-07 9.530300530968816020e-07 6.734064186275645625e-07 5.037422852183226496e-07 1.240497226717707235e-06 8.687245554028777406e-07 1.624996173177351011e-07 2.101918994412699249e-07
4.200000000000000000e+04 1.489961277911788784e-06 1.743706548040790949e-06 3.181273768859682605e-06 2.889877350753522478e-06 1.735156160975748207e-06 1.108846277020347770e-06 1.572892756485089194e-06 1.074045030691195279e-06 9.939196843333775178e-07 8.520767664776940364e-07 3.181273768859682605e-06 2.889877350753522478e-06 1.735156160975748207e-06 1.108846277020347770e-06 1.572892756485089194e-06 1.074045030691195279e-06
4.300000000000000000e+04 1.415239012203528546e-06 1.667051719778100960e-06 6.380167860697838478e-07 5.029846761317458004e-07 1.184521579489228316e-06 8.024641147130751051e-07 1.681435151112964377e-07 1.923859116459425422e-07 9.123634754359954968e-07 8.895274277165299281e-07 6.380167860697838478e-07 5.029846761317458004e-07 1.184521579489228316e-06 8.024641147130751051e-07 1.681435151112964377e-07 1.923859116459425422e-07
4.400000000000000000e+04 1.369187543787120376e-06 1.595464141246338841e-06 6.032437340763863176e-07 4.674106151014711941e-07 1.142028850154019892e-06 7.557597427876316942e-07 1.518866667993279407e-07 1.831516129868759890e-07 8.903548973648867104e-07 8.648108860143111087e-07 6.032437340763863176e-07 4.674106151014711941e-07 1.142028850154019892e-06 7.557597427876316942e-07 1.518866667993279407e-07 1.831516129868759890e-07
4.500000000000000000e+04 1.321487047789560165e-06 1.532742544441134669e-06 5.868137691322772298e-07 4.577578067710419418e-07 1.113495272875297815e-06 7.253424314512812998e-07 1.492544186021405039e-07 1.732426255784957903e-07 8.632169397060351912e-07 8.396668249588401522e-07 5.868137691322772298e-07 4.577578067710419418e-07 1.113495272875297815e-06 7.253424314512812998e-07 1.492544186021405039e-07 1.732426255784957903e-07
4.600000000000000000e+04 1.288922931053093635e-06 1.498021106272062752e-06 1.435131480320706032e-06 9.973859960155095905e-06 2.559832182669197209e-06 7.012368314462946728e-06 1.243975134457286913e-06 7.823541636753361672e-06 8.465777341370994691e-07 9.306393735641904641e-07 1.435131480320706032e-06 9.973859960155095905e-06 2.559832182669197209e-06 7.012368314462946728e-06 1.243975134457286913e-06 7.823541636753361672e-06
4.700000000000000000e+04 1.247226009581936523e-06 1.405445686941675376e-06 9.138191785496019293e-07 5.276903607409622055e-07 1.221442744281375781e-06 7.006574378465302289e-07 4.132137689794035396e-07 1.691991542429605033e-07 8.160683364621945657e-07 8.037242196223814972e-07 9.138191785496019293e-07 5.276903607409622055e-07 1.221442744281375781e-06 7.006574378465302289e-07 4.132137689794035396e-07 1.691991542429605033e-07
4.800000000000000000e+04 1.195051027025328949e-06 1.361189447379729245e-06 5.906287015022826381e-07 4.939565201311779674e-07 1.035865011544956360e-06 6.596550861104333308e-07 1.661174309219859424e-07 1.818944781462050742e-07 7.927145588837447576e-07 7.782613238305202685e-07 5.906287015022826381e-07 4.939565201311779674e-07 1.035865011544956360e-06 6.596550861104333308e-07 1.661174309219859424e-07 1.818944781462050742e-07
4.900000000000000000e+04 1.167483787867240608e-06 1.306747321905277204e-06 1.066793515747122001e-06 1.067629114004375879e-06 1.544144538456748705e-06 1.255406345990195405e-06 7.532404993071395438e-07 7.118737244127260055e-07 7.731122195764328353e-07 7.311944614230014849e-07 1.066793515747122001e-06 1.067629114004375879e-06 1.544144538456748705e-06 1.255406345990195405e-06 7.532404993071395438e-07 7.118737244127260055e-07
5.000000000000000000e+04 1.126175789067929145e-06 1.259391751773364376e-06 5.017920443606271874e-07 4.097836949767952319e-07 9.812027883526752703e-07 6.027099175298644695e-07 1.425009941158350557e-07 1.540932004218120710e-07 7.595239708280132618e-07 7.263120096467901021e-07 5.017920443606271874e-07 4.097836949767952319e-07 9.812027883526752703e-07 6.027099175298644695e-07 1.425009941158350557e-07 1.540932004218120710e-07
5.100000000000000000e+04 1.090482783183688298e-06 1.212092683999799192e-06 4.940738449477066752e-07 4.507988364821358118e-07 9.605417972124996595e-07 6.091593149903928861e-07 1.476137327927062870e-07 1.694304359034504159e-07 7.395842658297624439e-07 7.046147061373631004e-07 4.940738449477066752e-07 4.507988364821358118e-07 9.605417972124996595e-07 6.091593149903928861e-07 1.476137327927062870e-07 1.694304359034504159e-07
5.200000000000000000e+04 1.060692738974466920e-06 1.164417312793375459e-06 5.262025979391182773e-07 4.421781056862528203e-07 9.368352493765996769e-07 5.709031256628804840e-07 1.671446767659290344e-07 1.619115295170558966e-07 7.215734285637154244e-07 6.956688025638868567e-07 5.262025979391182773e-07 4.421781056862528203e-07 9.368352493765996769e-07 5.709031256628804840e-07 1.671446767659290344e-07 1.619115295170558966e-07
5.300000000000000000e+04 1.046458805831207428e-06 1.121787590818712488e-06 2.023549768637167290e-06 6.818955284870753530e-07 1.754435174916579854e-06 7.725658974777616095e-07 1.345931423202273436e-06 2.575866346887778491e-07 7.017954999355424661e-07 6.734485396009404212e-07 2.023549768637167290e-06 6.818955284870753530e-07 1.754435174916579854e-06 7.725658974777616095e-07 1.345931423202273436e-06 2.575866346887778491e-07
5.400000000000000000e+04 9.963590628103702329e-07 1.088037038243783172e-06 5.968034884062944911e-07 5.997000016577658243e-07 9.049764457813580520e-07 5.678850243384658825e-07 2.023969187803231762e-07 2.171349677837497438e-07 6.896623858665407170e-07 6.384599373632227071e-07 5.968034884062944911e-07 5.997000016577658243e-07 9.049764457813580520e-07 5.678850243384658825e-07 2.023969187803231762e-07 2.171349677837497438e-07
5.500000000000000000e+04 9.741504527482902631e-07 1.027758457894378807e-06 1.154728920482739341e-06 7.270552941918140277e-07 1.105973751691635698e-06 5.232889179751509801e-07 6.469688287324970588e-07 2.672036600870342227e-07 6.827914944551594090e-07 6.162856038827158045e-07 1.154728920482739341e-06 7.270552941918140277e-07 1.105973751691635698e-06 5.232889179751509801e-07 6.469688287324970588e-07 2.672036600870342227e-07
5.600000000000000000e+04 9.462042953600757755e-07 1.001990767690585926e-06 4.518449543411406921e-07 4.361789081031020032e-07 8.255961461145489011e-07 5.275703642837470397e-07 1.454565818903574836e-07 1.833614362567459466e-07 6.563416832250368316e-07 6.212726475496310741e-07 4.518449543411406921e-07 4.361789081031020032e-07 8.255961461145489011e-07 5.275703642837470397e-07 1.454565818903574836e-07 1.833614362567459466e-07
5.700000000000000000e+04 9.472576607549854089e-07 9.693458196124993265e-07 2.282561808897298761e-06 1.890365183498943225e-06 1.209619654218840878e-06 6.579211913049221039e-07 9.786402870304300450e-07 4.896697873846278526e-07 6.462778401328250766e-07 6.239548611119971611e-07 2.282561808897298761e-06 1.890365183498943225e-06 1.209619654218840878e-06 6.579211913049221039e-07 9.786402870304300450e-07 4.896697873846278526e-07
5.800000000000000000e+04 9.292740514865727164e-07 9.915153214024030603e-07 3.934952019335469231e-06 2.447160795782110654e-06 1.823926368160755374e-06 5.941579956925124861e-07 2.492248086127801798e-06 8.127780688482744154e-07 6.460804229391214903e-07 6.855364631519478280e-07 3.934952019335469231e-06 2.447160795782110654e-06 1.823926368160755374e-06 5.941579956925124861e-07 2.492248086127801798e-06 8.127780688482744154e-07
5.900000000000000000e+04 8.718610615687794052e-07 8.967166422735317610e-07 4.635711547962273471e-07 3.570441720057715429e-07 7.848369136809196789e-07 4.657429428789328085e-07 1.803015834411780816e-07 1.414532562193926424e-07 6.109295895839750301e-07 5.605523369922593702e-07 4.635711547962273471e-07 3.570441720057715429e-07 7.848369136809196789e-07 4.657429428789328085e-07 1.803015834411780816e-07 1.414532562193926424e-07
6.000000000000000000e+04 8.429386184616305400e-07 8.650715130897879135e-07 3.935828942758234916e-07 4.379753590910695493e-07 7.284872367563366424e-07 5.203440878176479600e-07 1.353512431023773388e-07 2.176785329766062205e-07 5.918480496802658308e-07 5.498984592122724280e-07 3.935828942758234916e-07 4.379753590910695493e-07 7.284872367563366424e-07 5.203440878176479600e-07 1.353512431023773388e-07 2.176785329766062205e-07
6.100000000000000000e+04 8.282844987661519554e-07 8.284433192784490529e-07 3.687395064844167791e-07 3.337127907343528932e-07 6.963779810575942975e-07 4.413806493630545447e-07 1.298531060456298292e-07 1.298307950037269620e-07 5.827981226502743084e-07 5.293894105307117570e-07 3.687395064844167791e-07 3.337127907343528932e-07 6.963779810575942975e-07 4.413806493630545447e-07 1.298531060456298292e-07 1.298307950037269620e-07
6.200000000000000000e+04 8.576712957619747613e-07 8.264573239102901425e-07 1.251951198355527595e-05 2.699884817047859542e-06 6.576685791515046731e-06 1.826512288971571252e-06 9.131989827437791973e-06 1.492304022576718125e-06 6.310293656497378834e-07 5.171596626496466342e-07 1.251951198355527595e-05 2.699884817047859542e-06 6.576685791515046731e-06 1.826512288971571252e-06 9.131989827437791973e-06 1.492304022576718125e-06
6.300000000000000000e+04 7.784458375681424513e-07 7.767984584461373743e-07 3.737275164894526824e-07 3.636751841895602411e-07 6.475256668636575341e-07 4.215265789753175341e-07 1.345994746770884376e-07 1.174588959429456736e-07 5.501449891198717523e-07 4.941996962770645041e-07 3.737275164894526824e-07 3.636751841895602411e-07 6.475256668636575341e-07 4.215265789753175341e-07 1.345994746770884376e-07 1.174588959429456736e-07
6.400000000000000000e+04 7.590744530716619920e-07 7.503025472033186816e-07 3.472374601187766530e-07 3.184146635248907842e-07 6.266875516303116456e-07 4.196052429961127928e-07 1.294427960374378017e-07 1.290191136149587692e-07 5.362533102015731856e-07 4.844806653636624105e-07 3.472374601187766530e-07 3.184146635248907842e-07 6.266875516303116456e-07 4.196052429961127928e-07 1.294427960374378017e-07 1.290191136149587692e-07
6.500000000000000000e+04 7.464612394869618583e-07 7.242643391691672150e-07 3.984647491961368360e-07 3.515745277127280133e-07 6.182091851769655477e-07 3.957103729135269532e-07 1.572958865381224314e-07 1.209047013617237099e-07 5.267696678856736980e-07 4.681248810811666772e-07 3.984647491961368360e-07 3.515745277127280133e-07 6.182091851769655477e-07 3.957103729135269532e-07 1.572958865381224314e-07 1.209047013617237099e-07
6.600000000000000000e+04 7.274517770383681636e-07 7.022491104180517141e-07 3.196755926637706580e-07 3.032979805084323743e-07 5.732064778385392856e-07 3.851961594136810163e-07 1.214487923562046490e-07 1.056627283446687215e-07 5.120698460814310238e-07 4.587054149851610418e-07 3.196755926637706580e-07 3.032979805084323743e-07 5.732064778385392856e-07 3.851961594136810163e-07 1.214487923562046490e-07 1.056627283446687215e-07
6.700000000000000000e+04 8.080439783952897415e-07 7.336694238802010659e-07 8.857491593516897410e-06 6.133558144938433543e-06 3.047734480787767097e-06 7.612657100253272802e-07 5.673234682035399601e-06 1.951621925400104374e-06 5.825623361488396768e-07 4.591581159729685169e-07 8.857491593516897410e-06 6.133558144938433543e-06 3.047734480787767097e-06 7.612657100253272802e-07 5.673234682035399601e-06 1.951621925400104374e-06
6.800000000000000000e+04 7.000346045060723554e-07 6.637039291490509640e-07 3.020348060545074986e-07 2.902160360918060178e-07 5.322436891219695099e-07 3.636977226051385514e-07 1.176249142531560210e-07 9.987669358224593452e-08 4.916121270071016625e-07 4.356429599283728749e-07 3.020348060545074986e-07 2.902160360918060178e-07 5.322436891219695099e-07 3.636977226051385514e-07 1.176249142531560210e-07 9.987669358224593452e-08
6.900000000000000000e+04 7.052168484733556397e-07 6.448850626838975586e-07 1.124889422499109060e-06 6.814663606746762525e-07 8.186568152268591803e-07 3.622932069902162766e-07 4.382461611385224387e-07 1.343192934655235149e-07 4.857864723817328922e-07 4.273495619599998463e-07 1.124889422499109060e-06 6.814663606746762525e-07 8.186568152268591803e-07 3.622932069902162766e-07 4.382461611385224387e-07 1.343192934655235149e-07
7.000000000000000000e+04 6.847308213764335960e-07 6.349015393425361253e-07 4.921723188999749254e-07 5.225638801675813738e-07 5.385696795201511122e-07 3.846466256618441548e-07 2.137264090151802520e-07 1.774081681560346624e-07 4.738167262985371053e-07 4.267175484073959524e-07 4.921723188999749254e-07 5.225638801675813738e-07 5.385696795201511122e-07 3.846466256618441548e-07 2.137264090151802520e-07 1.774081681560346624e-07
7.100000000000000000e+04 6.621002057727309875e-07 6.177375553306774236e-07 3.296682677955686813e-07 5.268051950224617030e-07 4.794393930751539301e-07 4.208108350667316699e-07 1.247802856596536003e-07 2.129319938148910296e-07 4.584966859511041548e-07 4.082874340838316130e-07 3.296682677955686813e-07 5.268051950224617030e-07 4.794393930751539301e-07 4.208108350667316699e-07 1.247802856596536003e-07 2.129319938148910296e-07
7.200000000000000000e+04 6.459534347413864452e-07 6.047399665476405062e-07 2.717950735586782685e-07 2.649778139129921328e-07 4.609686072853946825e-07 3.282869158738321858e-07 1.094665549317141995e-07 9.044424587045796216e-08 4.484541022975463420e-07 4.017447849946620408e-07 2.717950735586782685e-07 2.649778139129921328e-07 4.609686072853946825e-07 3.282869158738321858e-07 1.094665549317141995e-07 9.044424587045796216e-08
7.300000000000000000e+04 6.554922720169997774e-07 6.004904093970253598e-07 4.078195615875301883e-06 7.009207365626934916e-06 5.485552264872239903e-06 7.460246251866919920e-06 4.987387910659890622e-06 6.781296633562305942e-06 4.483775626340502640e-07 3.804246659910859307e-07 4.078195615875301883e-06 7.009207365626934916e-06 5.485552264872239903e-06 7.460246251866919920e-06 4.987387910659890622e-06 6.781296633562305942e-06
7.400000000000000000e+04 6.228751772141549736e-07 5.795350830339884851e-07 2.657777997683297144e-07 2.605214319828519365e-07 4.322175470861111535e-07 3.139592195111617912e-07 1.106025564467927325e-07 9.102453191189852078e-08 4.299999432078038808e-07 3.873897753692290280e-07 2.657777997683297144e-07 2.605214319828519365e-07 4.322175470861111535e-07 3.139592195111617912e-07 1.106025564467927325e-07 9.102453191189852078e-08
7.500000000000000000e+04 6.354892434501380194e-07 5.932431577093666419e-07 3.497161742416210473e-06 3.225046384613960981e-06 1.139099936153797898e-06 5.967465881440148223e-07 1.764644366630818695e-06 9.762655963641009293e-07 4.403096625082980609e-07 4.129409205688716611e-07 3.497161742416210473e-06 3.225046384613960981e-06 1.139099936153797898e-06 5.967465881440148223e-07 1.764644366630818695e-06 9.762655963641009293e-07
7.600000000000000000e+04 6.040357902747928165e-07 5.582047037933079991e-07 2.484819674464233685e-07 2.431314101158932317e-07 4.052015185607160674e-07 2.978502493533596862e-07 1.017575641526491381e-07 8.562591347072157077e-08 4.140826774801098509e-07 3.747874188775313087e-07 2.484819674464233685e-07 2.431314101158932317e-07 4.052015185607160674e-07 2.978502493533596862e-07 1.017575641526491381e-07 8.562591347072157077e-08
7.700000000000000000e+04 5.891934051760472357e-07 5.495518280440592207e-07 2.466069872752996162e-07 2.473221059062780114e-07 3.996655948412808357e-07 2.951709348053555004e-07 1.088630341428142856e-07 7.936932888696901500e-08 4.028590865345904604e-07 3.684494913613889366e-07 2.466069872752996162e-07 2.473221059062780114e-07 3.996655948412808357e-07 2.951709348053555004e-07 1.088630341428142856e-07 7.936932888696901500e-08
7.800000000000000000e+04 5.948431862634606659e-07 5.431928116195194889e-07 2.369342411157049355e-07 2.384367405738885282e-07 3.845393337087443797e-07 2.884121101942582754e-07 1.048153848159927293e-07 9.376710607966742828e-08 3.991414700976747554e-07 3.729062143520422978e-07 2.369342411157049355e-07 2.384367405738885282e-07 3.845393337087443797e-07 2.884121101942582754e-07 1.048153848159927293e-07 9.376710607966742828e-08
7.900000000000000000e+04 5.686284225703275297e-07 5.359780743674491532e-07 5.381906476031872444e-07 2.651303248057956807e-07 5.290588660500361584e-07 3.053512500628130510e-07 2.986352001244085841e-07 1.114534313728654524e-07 3.856490025100356434e-07 3.607822520734771388e-07 5.381906476031872444e-07 2.651303248057956807e-07 5.290588660500361584e-07 3.053512500628130510e-07 2.986352001244085841e-07 1.114534313728654524e-07
8.000000000000000000e+04 5.641375651066482533e-07 5.237600362306693569e-07 2.275418182762223296e-07 2.372280363260870217e-07 3.642106207735196222e-07 2.768489366644644178e-07 9.573604131674073869e-08 8.082950841981073609e-08 3.816297464709350606e-07 3.540841362337232567e-07 2.275418182762223296e-07 2.372280363260870217e-07 3.642106207735196222e-07 2.768489366644644178e-07 9.573604131674073869e-08 8.082950841981073609e-08
